3.053055017123415538e-01
2.840555290682688083e-01
4.168957243605905805e-02
6.641220545350631776e-02
4.247641643875030848e-01
2.100582493825296215e-01
-7.641927268122872263e-02
2.105554094825669575e-01
2.115062389296863687e-02
2.945456611024966920e-01
-4.887376849716924543e-01
-6.089028490949649486e-01
-1.694068038866765602e-01
2.717333447239919098e-01
-1.571855457233973796e-01
1.952623679121089084e-01
5.085414741381580894e-01
4.081502865963619331e-01
3.668925598985451342e-01
6.715117457063461970e-01
7.661897133404198534e-01
7.272133315847001400e-01
9.231138243189076498e-01
8.456575332304441250e-01
9.290417511752744328e-01
8.324177166837160025e-01
1.031359701932681894e+00
5.120461401297577986e-01
5.408914232121996291e-01
4.598594097366961453e-01
2.994819535655477427e-01
6.611831187036144586e-01
6.257466924565817656e-01
7.870624244837363115e-01
5.829503834807132634e-01
4.221066392884277874e-01
7.003813905622270353e-01
5.390509145279829273e-01
5.483323827366219927e-01
5.748886035208140566e-01
7.120357682454804271e-01
9.796927969713002948e-01
7.711812102875240660e-01
4.623281240004469272e-01
4.479806987847455568e-01
1.736420328879498542e-01
6.010364443333234830e-01
6.238378037752758676e-01
8.351986620865663458e-01
6.260992881415541333e-01
5.855436971778269495e-01
4.945021239112606937e-01
4.734705115798126807e-02
4.558258121766632920e-01
2.907674155856281306e-01
4.367245501418056675e-01
4.800421748234331432e-01
2.236842765077760864e-01
8.009690581256414532e-01
6.614366300157633605e-01
6.767320193948811458e-01
2.590663321151579490e-01
1.300261147603865020e-01
8.974690757090239557e-02
3.931153585009685703e-01
1.298424082495379384e-01
2.819664958694256818e-01
-1.927144616036038371e-01
-3.747864005232564022e-01
-3.785522253629655109e-01
1.909538131935934746e-01
-2.627469281657202060e-01
1.282496496693925625e-01
1.001098943013359333e-02
6.726298914677690810e-01
-9.280863299051811399e-03
2.540382273472828745e-01
6.197559929020313163e-01
9.340494756443992186e-01
8.185486259345224891e-01
6.756413133077276978e-01
9.280918700483730133e-01
8.632525920739890779e-01
6.212205800820655988e-01
9.476215671938197360e-01
1.096943831580349027e+00
1.126425741656635005e+00
1.063836632979541230e+00
1.078474779491852775e+00
1.134099213687985941e+00
1.202752048077755820e+00
1.221441687737189419e+00
9.071353580803376282e-01
9.813074203537369700e-01
1.657837538558406543e-01
4.626488892502512162e-01
6.546953247432731882e-01
6.587606891083725991e-01
8.197174400975857367e-01
7.161348881484795870e-01
6.481899432992643817e-01
7.924319864492991305e-01
8.989444926084138032e-01
6.496205656759574953e-01
7.681108006790648979e-01
1.043751738391533124e+00
1.035965760227897992e+00
1.053051743482614100e+00
1.171968208469071904e+00
8.917617573245855134e-01
9.978266570242000366e-01
8.945047420390880299e-01
1.098676128595463375e+00
3.758009853725696736e-02
-2.626898656050610237e-01
-3.138393699843889384e-01
-3.014121479047839891e-01
-1.732079818257317716e-01
-5.280158785571900659e-02
2.275297354714617137e-01
3.185802147276857177e-01
6.425173825169261388e-02
-1.840454571934035943e-01
2.878163274852261200e-01
2.137064518517677314e-01
2.648432213693663329e-01
5.118008059058789527e-01
7.653705450308405656e-01
1.006976703985506205e+00
6.331075771638349226e-01
9.937563256501037445e-01
1.288368593600697665e+00
1.167769897334732576e+00
1.186397266087789504e+00
1.207138623924443710e+00
1.481623528694977043e+00
7.777600953987270360e-01
8.861983318317284697e-01
1.218545535609321551e+00
6.592227681127562633e-01
9.078283321440134834e-01
-7.691789327177279700e-01
-1.084297346291407838e+00
2.822100952395836249e-01
7.078162691739708912e-01
-9.528165583337159239e-01
4.787728134409228731e-01
3.931694122067940222e-01
7.336628621264967842e-01
-1.746240393318253314e+00
-2.942746696494448422e+00
-1.560314023320456212e+00
-9.275566406039771339e-01
-1.811920516217284671e+00
-1.538829387344227140e+00
-2.481103266605980018e+00
-2.226911211443795668e+00
-1.892488391804866499e+00
-1.777587446351344802e+00
-2.555097798374278639e+00
-4.157166167248130151e+00
-2.065353948768449577e+00
-4.713106544887278870e-01
3.359847381271763300e-03
-2.233103754398020335e-01
2.309695227129343609e-01
7.179010605436183523e-01
5.744361513021294385e-01
7.436501213686391720e-01
8.857483956945270132e-01
1.028871953567960240e+00
7.110332869450731730e-01
5.268201516977475407e-01
1.151347374162547066e+00
1.203348451476281777e+00
1.158444294921086914e+00
9.457850989388034701e-01
1.246308869451030255e+00
5.747224297276075644e-01
1.159909011125324962e+00
8.149328363135790454e-01
1.315504778391869412e+00
1.262091445281401825e+00
1.164979353239586346e-01
8.109022121743364453e-01
7.031779475016752823e-01
7.963318557164534850e-01
2.293937822651361813e-01
8.213532547922350879e-01
4.343420562631190585e-01
5.928271035289076618e-01
8.812104316133770876e-01
6.623449553297710013e-01
4.825588433283347634e-01
6.009851359507056845e-01
3.293593848440665717e-01
8.870832730054195592e-02
2.459762038958270003e-01
-7.534983990821308986e-01
-4.476118188675287657e-02
-1.784588627508038039e-01
5.054952201020090907e-03
3.388174330396602763e-01
-2.010372124555312445e-01
-2.393214095930324969e-01
3.405565815562083820e-01
-1.333710320470454236e-01
-2.168429365911717088e-03
-2.988240753020168228e-01
-9.208806593796198259e-01
-2.661743709277228920e+00
-1.168144961493045031e+00
-1.371600681759865825e-02
-1.408806784166851123e-01
-1.849649427017702186e-01
3.037578474409830531e-01
3.390610539144771618e-01
3.062050550147653594e-01
3.989913370072614152e-01
2.838115072939998429e-01
6.598991527584281425e-01
8.591468771019359352e-01
-5.477267514557210282e-02
-2.255528093915836418e+00
-5.618919332021713453e-01
3.602692900629487216e-01
2.748342218203411180e-01
6.002764444148009915e-01
5.055570414275599722e-01
5.892371186674127959e-02
-7.651181575617804764e-02
-9.329278803531574349e-01
-1.959146531190165241e+00
-1.705584866744605410e+00
-1.093209785962742764e+00
-6.579602363885318494e-01
-7.603546801117176956e-01
-7.001685664818690924e-02
-3.246724452759824908e-02
1.304701326350051760e-01
5.122995249110335880e-01
4.718362165842148181e-01
-9.418093874535710119e-01
-1.983653369786697596e+00
-1.493103787944663807e+00
-1.224387488009663905e+00
-8.938860763103356755e-01
-4.635763147718381383e-01
-6.085627020091856076e-01
-2.418936502731073857e-01
2.971630539765490742e-01
7.363004506203176813e-01
1.495705599114351414e-01
5.704509964507852304e-01
-7.506793933618745029e-01
-1.491748245406018802e-02
1.201212078903604319e-01
5.763495495658648160e-01
-3.525494803822037948e-01
5.987738000105893854e-02
1.309553650835603711e-01
4.736246056229633794e-01
8.988929289057376870e-01
4.379649385541421469e-01
2.300582214151491445e-01
1.237485026485056316e+00
1.189355500262387011e+00
6.829936553997019155e-01
5.566168339034898160e-01
-5.277671452667601071e-02
7.259180265702205315e-01
-1.727618376994498051e-01
7.728113813309123170e-02
-8.601932789599697760e-03
-1.523640090038786421e-01
-4.201130939202429859e-01
1.002027900022868789e-01
-5.138402198872729087e-01
-7.035642715114603929e-01
-8.760265592813406554e-01
-2.534923792601136983e-01
-7.329975886943415064e-01
-6.120222061764918342e-01
-8.025728449211798621e-01
-4.301130325112562103e-01
-7.518021136003333327e-01
-2.460465954430336444e-01
-9.607426160785659253e-02
5.735399866303284022e-02
-1.067013654389068478e+00
-2.227787771113436954e-01
-4.346268205585548383e-01
3.412560938550919243e-01
7.139700913726801934e-01
1.493090918633717956e-01
4.342741993641759946e-01
3.709370569920715788e-01
7.445176735617863306e-01
9.340305828527648568e-01
9.107952094092238715e-01
3.853389187198887900e-01
8.728664438418805016e-01
3.395835888064313579e-02
-4.846374679129007434e-01
-1.285415617102068975e+00
-2.075171618220121861e+00
-1.036958615752965329e+00
-2.449095577804277113e+00
-2.682617204984106829e-01
-2.601226973321356883e+00
-1.433808516729016436e+00
-3.571440269036438853e-01
-4.210770825531049422e-01
-1.706668617496018836e-01
2.895769498363404137e-01
2.493224552858770704e-01
5.052037008931080653e-01
5.673553519341497653e-01
6.349896708669847678e-01
5.658373405216762242e-01
3.496405365913027308e-01
4.525594816730681424e-01
8.236393297129041002e-01
8.741784007797170908e-01
1.215713619782950783e+00
5.117442648415495565e-01
-2.282112345990122915e+00
-5.079299844044078416e-01
4.698536079684223488e-02
-2.580684274415733448e+00
-2.269609432739230215e-01
2.843710636677153070e-01
3.128533069615043183e-01
3.425607657907757675e-01
1.246357358433713980e-02
-1.959279309521741452e-01
3.159132938050935868e-01
7.305902508269652706e-01
4.248303283085782533e-01
2.451021406226669419e-01
2.326484327419623965e-01
1.509060782496055297e-01
9.839927643134263047e-01
8.832518090663631360e-01
2.691196959216815565e-01
8.397551594731630376e-01
8.604378140042693301e-01
4.593603007882705036e-01
6.110050316896068479e-01
5.516869029453409512e-01
3.358653975610400577e-01
7.560257491600794189e-02
5.785349879371897153e-01
7.494271096873362792e-01
-4.329887068016987639e-01
-1.590531387440984878e-01
3.037314460489999868e-01
-2.962304692125794503e-01
-1.474323567046146866e-01
7.844793025812870635e-01
1.054615418979857999e+00
-1.739687148680595929e-01
2.268263993942350454e-01
6.532405876326742300e-01
4.596151835342527914e-01
9.608471574821962902e-01
9.203404572880928836e-01
5.304771612992400520e-01
1.694664908065590669e-01
9.283468090126781869e-01
1.743091595760512202e+00
7.228037353457764658e-01
1.087219530581030158e+00
8.698427669396795459e-01
9.934541231136168049e-01
1.079770614132981699e+00
7.877719312508474347e-01
1.007856043959931558e+00
1.042852463117039719e+00
3.308012858963139124e-01
-1.452882069371264628e-01
3.420527455478902246e-01
6.757926890751225768e-01
6.773413638389177427e-01
8.017158199288880738e-01
3.022138975980348530e-01
7.432715227764093990e-01
1.028036455274710992e+00
7.731346469931451582e-01
8.297391527988751125e-01
7.887487869289082631e-01
4.084927714538063026e-01
6.465666177977356099e-01
5.185665639923429104e-01
7.898375410070553881e-01
-1.945636726336730238e-01
4.809086871809984398e-01
7.969982347785518062e-01
6.481664379685166955e-01
5.337402423759569636e-01
1.417838687449147206e-01
-6.336710388669762883e-01
-2.858470879162475220e-02
2.783817810283635286e-01
6.169985529490589204e-01
-8.736573864982913329e-02
2.498848263029511685e-01
1.121179859453230732e-02
-3.313477642741789464e-01
-1.636719958936923902e+00
-1.489157422758185856e+00
-3.845545524898548173e-01
-1.029818763343884891e-01
4.216010242487915338e-01
2.261610728048152885e-01
-4.624137736117927000e-01
-4.284181688252534093e-01
1.322551567866560307e-02
-2.916400317548544230e-01
-1.728482491981486291e+00
-2.902318202041749839e-01
-6.844858074829485162e-03
1.547646976783765282e-01
-1.134525569152308400e+00
-1.223990934900548666e+00
-1.370892632270845457e+00
-9.611719308427383313e-01
-4.000627946735689777e-01
-1.045739587796474357e+00
-1.749382365823918928e+00
-2.325086709380556727e+00
-2.315687055929383398e+00
-1.860613184086914451e+00
-7.587920677174738726e-01
-2.023392684555938015e-01
-1.632058370822215831e-01
-3.369688825842070412e-01
-3.864094313834549599e-01
-1.082633384315301761e+00
-6.650374690881900586e-01
1.346915791486535396e-01
-6.809545936826750800e-01
-6.013433700078184563e-01
-4.519216973467098386e-01
4.436387048104423192e-03
4.687707643399012802e-01
2.985923017513194555e-01
-6.755667794804627313e-01
-3.070642000894098222e-01
2.148572224055182722e-01
3.752799219675202469e-01
4.542149421278431354e-01
4.543848502475998918e-01
4.180426608717505710e-01
6.869611078834597651e-01
5.916926604665584399e-01
2.883165220568222331e-01
5.588117906763290232e-01
2.634038221251708833e-01
4.276333706868029605e-01
-1.145404683388454803e+00
-2.043425421678824350e+00
-1.278609165610403497e+00
-1.325807476440440613e+00
-1.868609483733832732e+00
-1.250894506530811690e+00
-3.089267098366819120e-01
-8.381479233246881266e-01
-5.881498224766187333e-01
-6.385587729920965128e-01
-5.924894172846956186e-01
-2.291343622105244116e+00
-1.367392947397899849e+00
-5.999821988945002182e-01
-1.879408266567254016e-01
-1.116201880490726439e-01
-1.384390045084288978e+00
-1.491068584117499984e+00
-1.213032511652747392e+00
-1.916190599952198426e+00
-2.274221764833112669e+00
-1.441773176783781807e+00
-2.627332034210881240e+00
-3.484270280884872228e+00
-1.309186266744480687e+00
6.175761837729276671e-03
8.790720483863534440e-02
-1.979297471563237210e-01
-2.690881723747201582e-01
1.970919272137046652e-01
-4.126180909667375163e-01
-6.890150142432419078e-02
4.764825840723049266e-01
6.780559653973996515e-01
3.950715873824835467e-01
7.953224397650645594e-01
4.049554056388222634e-01
6.868795392791336996e-01
5.137305349200701476e-01
3.337684288085293605e-01
5.219587566988505012e-01
4.394157624130645701e-03
-1.457448552585043799e+00
-7.167420466007267121e-01
-6.169496854751110870e-01
-2.530663407958270716e-01
-1.614151863955846089e-01
-1.176230889124056045e+00
-8.502717475554939508e-01
2.623241171850555498e-01
-3.172971526814224452e-01
4.859438655012633390e-01
7.140546487452394953e-01
-2.790741318545046368e-01
4.584483874690169491e-01
5.389013990617343985e-01
8.835819781600688927e-01
1.037002632969539873e+00
8.821176447375932428e-01
1.006419200556973426e+00
7.399219638869501958e-01
7.262693529396836434e-01
4.769761905429684701e-01
-2.562165938099562057e-01
-1.590037781606605805e+00
-1.043515050688597512e+00
1.542323245644058038e-01
7.254639264633389040e-01
-1.578360143241325453e+00
-6.531754127753723882e-01
-5.257459770678806210e-01
1.946723253598014181e-01
3.181618796010636796e-01
4.536862697103367092e-01
-1.711955388551845036e+00
-2.408950045788387229e+00
-2.628548455224162805e-01
-1.822710170884089376e+00
-1.258495111549093437e+00
-2.033920905359678066e+00
-3.522730689081643440e+00
-9.830443887780543344e-01
-6.026440159023748189e-01
-1.025954354069950725e+00
-1.125096213679516177e-01
5.528847010622626179e-01
4.965552668356388866e-01
-1.850146898281679331e-02
4.051646248674843354e-01
5.024148363620063451e-01
-1.164157104799232734e+00
-3.382771546451531219e-01
-2.310733946986776033e-02
1.846649492139584847e-04
-4.551040462296888078e-01
-2.112412345971014016e+00
-3.537558874806480791e+00
-2.220114599436787017e+00
-1.491043611993674300e+00
-8.957813120927472506e-01
-2.257457105032608657e-01
-4.187225741767843790e-01
-2.305624599294861188e+00
-1.377385373126408297e+00
-2.173922310331367069e-01
-1.305880628486196793e-01
1.898707451280757796e-01
5.276134670665728610e-01
-2.121729174575453514e-01
-9.485950554418128844e-01
-8.634432055505535386e-01
1.896365876287733343e-01
6.626412807980072150e-01
2.922976605391894855e-01
5.612110533774141707e-01
-4.147702712311646112e-02
5.621662230998629717e-01
7.685060671261120802e-02
4.060376510778518910e-01
-2.103365276628013647e-02
-3.672190213150787752e-01
-1.560115739708278770e+00
-2.349972288778125584e+00
-3.884547090016204685e+00
-2.719734410705168415e+00
-1.058776663770587767e+00
-9.096866931209187657e-01
-1.880479706101314541e+00
-2.315264712870087394e+00
-1.017033659585245609e+00
-2.216300118931052499e+00
-3.128780749374494352e+00
-1.960485000126130917e+00
-2.904261859289527070e+00
-1.816810854722572977e+00
-2.802581496740719769e-01
-9.465136798568544174e-01
-2.819929108607858170e-01
-3.161673474287203245e-01
-8.738946642438912837e-01
2.463731843620881046e-01
-8.534207556222891955e-02
6.476449747957483405e-01
8.767418457125177866e-01
6.810240346220116647e-01
3.155475674588383295e-01
-1.921275849978114625e-01
-1.285493764951867401e+00
-3.035009443447455046e-01
-1.481113662749525828e-01
1.865177642115252443e-01
1.508557233458653613e-01
-3.101292965418602776e-01
-1.043812674180874644e+00
-2.522271898303730442e+00
-1.187760538258111342e+00
-1.450113498385737554e+00
-1.336523816133497800e+00
-9.056017025821682109e-01
-1.307523942879934786e+00
-2.301547578955517537e+00
-3.681618389306347439e+00
-1.397073750744679987e+00
-9.636832368170441532e-01
-6.075913854314699547e-01
-1.875441622036023048e+00
-9.234029958704098595e-01
-2.204537523628022910e+00
-1.859800704852204944e+00
-2.161556444541789190e+00
-8.864044477552711632e-01
-1.157468676643464534e+00
-1.736775951064935430e+00
-1.649031443989026791e+00
-2.132130324990649139e+00
-7.486037296342363812e-01
-1.808693749089725356e-01
2.965140690370796084e-01
3.358948102339194275e-01
3.677604283488571935e-01
1.534114408889498959e-01
4.887315189313742314e-01
2.847421758541934800e-02
2.463017417455661828e-01
-9.760387824014317149e-01
-3.058727492592332453e+00
-1.855566324965853831e+00
-7.715637766107382722e-01
-1.275666286614396405e+00
-7.833886184135073760e-01
-7.219559800559421925e-01
-4.440001756170041114e-01
-7.582504554283914233e-01
-9.970923011549254200e-01
-9.386470370656702089e-01
-1.755148476280616432e+00
-3.038195842895143439e+00
-2.774071923316566934e+00
-2.110366152412732621e+00
-8.176602313754012252e-01
-4.482009181561467104e-01
2.005438531032743832e-03
-2.067491635084310331e-01
5.632404874973084841e-02
1.096743360588482152e-01
-4.809354519358637337e-01
4.695390127534769531e-02
9.650675554271737067e-03
4.556259391645570700e-01
1.378035505622992318e-01
4.494665641534570377e-01
-7.098835670255271291e-02
3.577830848635777938e-01
4.252976228805414038e-01
-1.000692714056235777e-01
2.292292860423353063e-01
3.549202667248449461e-01
4.239147952114453721e-01
-4.521318858340703795e-01
-1.329244527520048180e-01
2.102914250348062453e-01
4.091634474006638489e-01
3.847015534423236516e-01
6.855716655153258898e-01
3.548919709399623312e-01
-2.031218463986453893e-01
-1.957641863171533103e-01
-1.585234423571045825e-01
-2.351995293168995804e-01
-1.429991025814615901e-01
5.790986292744659814e-01
6.182181370902963824e-01
-1.877953274162333930e-01
-5.847946045513049418e-01
-1.868969032313216427e+00
-6.498623375368078880e-02
-3.198079659716801526e-01
2.700706570830322395e-01
2.934013606265135632e-01
8.530597664784522749e-02
-3.932367212100923437e-01
-5.726778883388701225e-01
-7.104777262941687210e-01
-1.561757971657868893e-01
-3.721418145928065968e-01
-9.664002390927978192e-02
1.548389616965380466e-01
3.512917902940338455e-01
4.210291483250775402e-01
2.284692339525786209e-01
3.331697375911064629e-01
2.633569104162413188e-01
2.765657206399546042e-01
-1.480060154157705754e-02
1.704605977730039024e-01
1.984265603754155616e-01
3.241018116893433776e-01
2.144848338876164662e-01
-2.905265824195162327e-01
2.436337160618930464e-01
4.519169985632233710e-01
1.977924897921164993e-01
2.071640498660584084e-01
6.374315134650124226e-02
3.479923725615365337e-01
-2.401894138499185982e-01
-1.073087315149538201e-01
2.832190486129402274e-01
5.491142031225709763e-02
-8.917404836285810488e-01
-3.835941888121457977e-01
-3.314669941063937419e-01
-1.391574176370691251e-01
-9.689452051482361217e-02
-5.611655307296176121e-02
-3.615146060489748958e-02
4.935695241053417170e-04
-1.327245014123830669e-01
-4.899582399463547899e-01
-6.016485420389943162e-01
-2.370450602697934395e-01
-1.071267674396750635e+00
-7.505970929279676129e-02
4.470341725107295772e-01
4.619148528840325563e-01
-2.796166253979770477e-03
-4.342745868829501754e-01
-1.222121626859735244e+00
-4.338088346728946609e-01
-1.314158816929357210e-01
9.287001856164059377e-02
-1.730173946284763731e-01
6.811043418834192287e-02
-3.881685895562680955e-01
-2.066269479470483450e+00
-1.746633167615060600e+00
-6.175710799912270677e-01
1.086387060942579641e-01
4.618977069531987611e-02
3.203593966058005948e-01
4.256459027213892188e-02
-6.033055785514951364e-02
-1.897568284483549528e-01
-9.149296084255162387e-02
7.856214981578743539e-02
8.057396793807430901e-02
-5.102227819359351768e-01
-1.051768179055361241e+00
-1.069337580217592509e-01
-3.523154473675250697e-01
1.378055176989611275e-01
2.070765256672491006e-03
-3.030290057319518504e-01
-9.115420155083386877e-02
-1.279945056032294470e-02
-2.031932777119186628e+00
-2.110293027418822298e+00
-1.715206073044294843e+00
-7.656630212133797020e-02
-1.863571977632814680e-01
-1.437240661929417573e-01
3.101035888842151866e-01
3.589496081510754055e-01
4.538272687814744466e-01
1.836565873446507069e-01
-3.432321246868491604e-01
-5.613818878429822634e-01
-1.867802007972713119e-01
-8.778598053304970117e-01
-2.462674041792367152e+00
-1.678608570923912691e+00
-1.448609969404244691e+00
-8.951066308467753307e-01
-1.675351709896606422e+00
-3.092508463907954308e+00
-1.606471952088773580e+00
-2.775473479285689660e+00
-2.858235086560386495e+00
-1.177338400303069132e+00
-4.552730441754815338e-01
1.176306047883064060e-01
9.578246469309489863e-02
3.162123688734671534e-01
2.088289924609139092e-01
1.718928126313351290e-01
-6.440996076223760580e-01
-7.337238013622124910e-01
-1.419504447976199790e-01
-4.051943807538305187e-02
-3.831832192195775422e-01
-1.846346600764103840e+00
-1.248796650475735959e+00
-1.914171421179352572e-01
-1.966147744667062769e-02
3.862993313332973577e-01
3.186762913108484030e-01
3.225093353054011014e-01
5.655320657512855620e-01
6.381364979057776443e-01
7.610812693363445680e-01
7.279206714629448127e-01
3.407269809232998381e-01
5.578202446740231357e-01
5.462755219467410051e-01
8.242939859692041127e-01
3.207357936312217606e-02
3.882411984666185312e-01
3.507879109906618664e-01
6.183565250046323403e-01
3.840699160045734639e-01
3.474773290049704699e-01
2.822107048931454809e-01
5.304849646538816188e-01
4.638427583317039637e-01
1.686552654334538270e-01
5.831242558865121772e-01
7.450491115864640856e-02
1.524892513338156896e-01
2.299646633665102247e-01
5.055480981731645673e-02
3.880875365062822491e-01
6.100275329656261736e-01
6.653805343502462444e-01
9.029126866770070814e-02
-4.006162151117399484e-01
2.054102782569826313e-01
-5.276949826747869832e-01
-2.129504315975828455e+00
-2.826309411645072434e+00
-1.078151567828772084e+00
-1.426279109606847229e+00
-2.923267966892606928e+00
-3.634887806915674258e+00
-9.553620845960649755e-01
-1.727724156802421529e-01
-3.007353088727571788e-01
1.296438469048782904e-01
2.794634414082202145e-01
2.704528708039506957e-01
1.217635929050176202e-01
-8.246318396988185917e-01
-8.157314650564281289e-01
-1.885333935943079853e-01
-1.419308985137887058e-01
-2.576873095938704838e-01
3.092572352294542526e-02
-4.644065576216890312e-01
-2.199402877088180164e-02
9.221643766089426819e-02
-7.209385159422753153e-01
-1.900690405263243843e+00
-1.098513052522528177e+00
1.563728019139312697e-01
2.357867809197361775e-01
1.432680643590779901e-01
3.586203964211251982e-01
4.636356729741952787e-01
8.087127016064843410e-04
-1.376308017548965701e+00
-3.812984048076814014e-01
9.733552513629734060e-02
-1.153865152012151007e+00
-2.472417445549820458e-01
7.212277511497938720e-02
-1.810736872142179044e-01
2.148444755136632023e-01
1.342791863133932506e-01
1.073745717349345874e-01
4.012905997739131259e-01
1.981953569696502937e-01
2.712523360696382224e-01
-6.080783501520986567e-02
3.665912284449727165e-01
-6.414964135152828595e-03
4.970404143252397933e-02
-1.011592954530873834e-01
1.226636477255181878e-01
3.362318270987338931e-01
-1.411520216687516704e+00
-2.602351088272420565e+00
-2.845920813312257991e+00
-1.183431002246096764e+00
-1.748420413700567888e+00
-3.183119839027642173e-01
-4.961777420760188351e-01
6.599530691904009760e-02
1.007057182411980056e-02
9.692607849640788586e-02
-1.446529980487888944e-01
-4.361131022671371760e-02
3.380215936305733249e-03
1.309281525852031280e-01
-7.834206701114027060e-01
-2.729040140664311109e-01
-4.427656605640680754e-01
-1.116526072971527395e+00
-2.283945953355883240e+00
-9.460525205293929263e-01
-3.623785172765049412e-01
-6.924010943543509322e-01
-5.083568713612358625e-01
-1.873174495849222243e+00
-2.449907158489226688e+00
-1.683886963324266350e+00
-3.886218611026835967e-01
-4.820363342043525456e-01
-9.883424326371417767e-02
-4.810695736082598595e-01
-3.198983981838918744e-01
-2.832669048888253327e-01
-4.572600558446521246e-03
1.422503006604254605e-01
1.172204300921773634e-01
-1.282603248818606545e+00
-2.222043173199973465e-01
1.406417752858673265e-01
1.498166642735940246e-02
3.933189278089599394e-01
-2.791620709080057106e-01
-4.499484648474801896e-01
-5.442428877442176960e-01
-9.915928104988002145e-01
-5.231913740850234751e-01
-4.273604693465937743e-01
-4.785265536639283779e-01
-5.938899091599957325e-01
1.129128878395734281e-01
-2.878607459610561525e-01
2.439597556014974078e-01
6.907864340409363146e-01
4.659431847495615897e-01
1.021536885962126107e+00
5.208120956583413008e-01
6.970385236684811803e-01
3.745156332292213230e-01
1.159694372576369759e-02
-1.577389556087549494e-01
3.866049869061473354e-02
-6.481668714780465246e-01
2.236656806384529350e-02
-8.033314618519138417e-02
1.381032861852059257e-02
4.206375860691881075e-01
3.913163654186281315e-01
-1.098277064200108288e+00
-1.789646553690190434e+00
6.806837418935751671e-02
-1.333498933417260890e+00
-1.271650938251645879e+00
-5.713240999892215122e-01
-1.068603600867737313e+00
-7.443045132676535669e-01
-1.745719584378123690e-01
-1.200328927803622769e-01
-2.022769664453158978e-01
-7.227560149730559713e-01
-1.019626647538955933e+00
-6.873330515520326145e-01
-2.159496206458560774e+00
-3.110076147672527380e+00
-1.910151326002593741e+00
-3.089514559276011485e-01
3.333014484720141224e-02
-1.689509568231861714e-01
3.011519730961829122e-01
2.715567431164865875e-01
4.707869233203195170e-01
4.336338904646585557e-01
-3.482533589227283510e-01
-1.159310454618519337e+00
-2.005611757163284770e-01
1.376267879316150633e-01
2.054645277126577463e-01
1.370390509684600855e-01
-9.723785764946640819e-01
-2.448781569044720663e-01
-3.646735941781221735e-01
9.753774101420506493e-02
5.576559471555542213e-01
4.451138519134689719e-02
4.892433083640177482e-01
3.415064676869903337e-01
3.374482996840990623e-01
-6.993399828581908784e-03
-7.598451688017230365e-01
-4.004834978234014242e-01
-6.470455716833152238e-01
-7.773940594859168884e-02
1.186040926464627665e-01
5.062335131470627747e-01
1.270271421407299095e-01
4.608709422799614486e-01
6.863147430774848567e-01
8.101528958006977144e-01
6.838148398571206599e-01
8.574063737469118651e-01
9.916525664397602968e-01
-2.795910082081349834e-01
6.775128367761350523e-01
4.687507378329328067e-01
8.870715155469606206e-01
1.635240657109159335e-01
2.219222802182233834e-01
5.772477014713797150e-01
1.843651422489494263e-01
-8.802908905002759798e-02
-1.663049919709882474e-01
9.343874407810343063e-03
-2.256360669674067676e+00
-1.487271570714839619e+00
-2.646161489007367029e-01
-2.307723469246454329e-01
1.871124964557835391e-01
4.598649512747589041e-01
6.129778796821323539e-01
-1.053472975923792188e+00
-2.324131022650151035e+00
-8.343811486366604635e-01
-1.419806376882936316e+00
-1.736284489114864993e+00
-4.996232833317652000e-01
1.585829255635768376e-01
5.448681226917881926e-01
3.287094718939781446e-01
2.864808995418554605e-01
-4.306041303251145758e-01
9.913299229498115372e-02
2.207925174012268510e-01
1.722487802106426880e-01
3.143269502848577424e-01
4.119196906290539806e-01
7.369616985807185827e-01
3.777100962013252294e-01
-1.070564993371027895e-01
2.547660322005683153e-01
-8.428903385498011103e-01
5.499949013287966371e-02
3.646667801766645400e-01
9.541451966157743492e-02
-5.672367742957441505e-01
1.753954345393583247e-01
3.893910432024800805e-01
2.212193418371933007e-01
-3.526022227858561231e-01
-9.550465907824466916e-01
5.365481608250654011e-01
8.154911367719036575e-01
-1.792769331491673723e-01
-3.980359896026847144e-01
2.594586596214463192e-01
7.317924267218912648e-01
7.137129559268254875e-01
4.916408428615462456e-01
-1.854638630138059630e-01
1.082355671799113267e-01
-2.125884429782926022e-03
-1.153180290180449985e-02
-1.238812148175969075e+00
-7.317577207405165374e-02
-1.735763162826779449e-01
2.256347718821736514e-01
2.102375414563018019e-01
-3.291158807879600579e-01
-1.154648958071365250e+00
4.743153498857488604e-02
5.189572740408946450e-01
5.917492831230157790e-01
5.657932502632956329e-01
9.195633377743641645e-01
1.235421207682591671e+00
7.499282300203441443e-02
5.577680262212492135e-01
-2.212450421600415940e-01
4.973723929490598827e-01
-1.832206556665226804e-01
8.443843228500235165e-01
5.635558486350114027e-01
-3.404558353910201451e-01
3.865085282418938561e-01
3.499848199528856618e-01
2.123120203184027110e-01
4.789104034409936705e-01
-6.220285490650459548e-02
9.243082155080782902e-01
1.112142096629646026e+00
7.273988744725493061e-02
-3.447450328430768374e-01
-7.346544958674580128e-01
-9.838136187753835360e-01
-6.365145624834437355e-01
-6.901631112557521375e-01
-8.293303437133275891e-03
-3.185121835133511436e-02
2.921810896911566369e-01
2.602797847949250287e-01
1.348851938220453905e-01
-3.873302633380411031e-01
3.863443376762704662e-01
3.083534727779205786e-01
-1.077334706679295429e-01
4.920495265696382403e-01
-1.982815363285053700e-02
5.919269189596483294e-01
1.735212867542447746e-01
5.070483036919476438e-01
-2.253810985653967869e-01
-4.546287212014860080e-01
7.973464669200547306e-02
1.242944636602509312e-01
2.113270761571652834e-01
-1.289029518348799308e-01
-2.760051873448419180e-01
-1.017491664483139435e-01
4.619089300950844357e-01
4.652139645230176646e-01
8.653543274022563736e-01
7.595754033949755346e-01
4.564748058059593383e-01
6.940560654718583855e-01
7.380284390894260582e-01
1.174894735312729033e+00
6.687987339702563538e-01
7.976040238473741661e-01
-6.787040804985159381e-01
3.332445454492732329e-01
-6.028355954794714089e-01
9.732258715375585734e-03
3.690334662658034670e-01
6.316144358796015323e-01
2.123918615438169510e-02
-5.272024385631891574e-01
-1.605192844822016518e+00
-6.274770579766469902e-01
4.396147390326500537e-02
-9.845822010392879520e-02
2.134122791211877646e-01
3.460996035127715809e-01
-1.639964206440074346e-01
-2.515861979378183899e-01
5.514984461844271713e-02
2.639501067583136518e-01
-2.532035137767136845e-01
5.542883174054299422e-01
3.845561067083511642e-01
1.071510824095366576e+00
9.915508998047626310e-01
9.791233073443363910e-01
9.672078844791014429e-01
3.634097182100837209e-05
-2.170930210668953197e-01
-1.076506444729222189e-01
1.915449476837356724e-01
1.617089308101324896e-01
3.988262371106723325e-01
6.963646376979217845e-01
9.503595633301745726e-01
1.148011034998166924e+00
1.182849502198013880e+00
1.131560800862463800e+00
7.174270571497330939e-01
1.036536093056325214e+00
1.120393982696607615e+00
9.486878726836489584e-01
7.754448182368325337e-01
7.697057781282311550e-01
5.713486019143161343e-01
6.451717124300535566e-01
8.309013101831627113e-01
-1.871359687704948760e-01
1.784006531277529950e-01
2.970744417432877871e-01
-2.787280948857491225e-01
-2.381930569291690336e-02
-2.720556206945160538e-01
-4.503331318254688576e-02
-5.820588127266762557e-01
-1.544634160680238844e-02
2.580376458837921883e-01
4.751477332119155572e-01
4.701169017585139498e-01
5.879500359760697625e-02
9.056685836580413707e-02
2.739206497929946860e-01
-1.484525952952544525e-01
-7.701974819579168186e-01
-1.394952645102256028e+00
-7.766273323801539119e-01
-6.180732750570389067e-01
-3.672463983026275081e-02
-1.160079073392189519e-02
-1.903179462271100686e-01
-2.722049165247335534e-01
-3.659762046801494084e-01
-5.879126201576106991e-02
1.378311104709966095e-01
2.321493285803542250e-01
5.177029976775970876e-01
-3.127170760973263519e-02
1.500526125922947429e-01
1.049866588206777585e-01
-2.043977141718284485e-01
-9.034035595883216363e-02
-3.539220313756351599e-01
5.944776237983951939e-01
6.940185646153712584e-01
6.790350614840091614e-01
6.149776879768091842e-01
8.189601594124211736e-01
2.826734876541817099e-01
7.254795669999782870e-01
5.944106642950338637e-01
8.302035524744429962e-01
8.713859671932090434e-01
6.170811113358921629e-01
6.250140980056528850e-01
6.458253892359701043e-01
6.127961530052894457e-01
-5.690857147893246815e-02
-1.294222377753408981e-01
1.442048505491173582e-01
-1.485379704296158065e-03
1.090874939495029006e-02
2.761361729837358836e-01
-1.028928673674721850e+00
-1.218650815910661489e+00
-1.811155080776696735e+00
-2.317479832313709132e+00
-2.221885189425677254e+00
-3.154707750002240907e+00
-1.770780673641025427e+00
-5.052647032663567517e-01
1.454509268093749641e-01
3.525810350412247329e-01
6.194913708151305043e-01
3.823803279955407808e-01
6.488703073262150900e-01
7.161103906367030092e-01
8.032767119545686230e-01
6.594541179462829472e-01
4.780217043541385991e-01
4.144129349568751453e-01
2.519580129450579298e-01
5.516462084900927154e-01
1.187808933170125814e-02
1.327528929100407207e-01
5.604966454572626322e-01
3.592804797365812819e-01
1.742617454253383436e-01
-3.172847162148662026e-01
6.679643118737491059e-03
7.787459257613271735e-02
6.449636516276114895e-01
5.607895604167488779e-01
5.949486338284577513e-01
8.129109816553135026e-01
5.902134207885886275e-01
4.766523519669159659e-01
7.037628092844840921e-01
6.212652303644514706e-01
2.279390346144558044e-01
-7.550677592264865012e-02
2.442291723183172836e-01
-5.555235797407244158e-01
1.927762189680398142e-01
-3.232424901854379917e-01
1.013461048621421973e-01
-7.369696078623322322e-01
-1.606879664690239462e-01
-4.491933179165572554e-01
-6.367394172632551141e-01
-4.998285607275221309e-01
-1.169668185407680916e+00
-1.794249746700831150e+00
-1.457410044145993844e+00
-1.711093637270422185e+00
-1.320764505480902518e+00
-1.450815489944290437e+00
-2.334841969256526095e+00
-2.644311697174823284e+00
-2.782080596269865147e+00
-3.690124729882498844e+00
-1.466877213948406311e+00
-6.542929840984795797e-01
-4.890052204898134858e-02
-1.253932035808893009e+00
-1.539340484974220935e-01
-1.354756359555350009e+00
-1.375849559348409912e+00
-5.967546819567349781e-01
-2.080897585087413404e+00
-1.355680605157073781e+00
-4.945209820950127177e-01
-2.024759689057817336e-02
-2.340526399135064994e-01
-4.700660873106180526e-01
-1.944586104741778954e-01
-1.120715661642758487e+00
-1.155128723479026842e+00
-7.611095449228805210e-01
-7.530409544763029261e-01
-9.174866111947242997e-01
-3.983359317386739873e-01
1.322522660161170593e-01
-2.940795622797331976e-02
-1.044284868283111845e-01
1.648112640766369874e-01
3.843486540240476090e-01
5.436552626369628438e-01
2.418917129008039679e-01
1.015644479821543600e-01
-1.737582521968739080e-02
2.115021091819435650e-03
1.262127823743700028e-01
6.773833986046412514e-02
-1.597088136846374073e+00
-1.947228250834989183e+00
-9.856573771675526396e-01
1.936113682555051785e-02
-3.897864372615512663e-01
-2.448340184443765222e-01
4.066992132527431636e-01
3.495218291780564090e-01
5.024321365483120916e-01
3.448320984804848499e-01
3.687201318463037003e-01
-5.202528214502872839e-01
-1.144320083544629885e+00
-4.015772984972904025e-02
2.146945442028549977e-01
-7.436711914785824051e-01
-7.940808694472557550e-01
-1.122297803746028055e+00
-1.856965865555274764e+00
-1.932548410487120893e+00
-1.260463815983069225e+00
-1.390722087717868760e+00
-1.242035270491077092e+00
-7.919922423291856362e-01
-5.047688292459574511e-01
-1.311656623762438856e-01
2.226653594110720169e-01
-3.808602995581789052e-01
-4.172399624861772294e-01
-9.948459720786698712e-01
-4.791723636393915298e-01
-8.558794706211451109e-01
1.558105175688256905e-02
4.168494299060998554e-02
-5.598409521426243041e-01
2.463546571291378440e-01
-1.016455492121274951e+00
-7.012736273417452537e-02
4.597262143475820961e-01
-8.284522096230328980e-01
-7.533809386947634135e-01
-5.385049832096350242e-01
-1.726192268221946602e-01
-5.585629478770463008e-01
-1.513220152407759755e+00
-8.856936930667026475e-01
-4.750367806114005331e-01
-2.810235593876883042e-01
-6.236431746975567014e-01
-5.414439676057203332e-02
-1.401175663192614884e+00
-1.827119267891681442e+00
-2.608723806897449204e+00
-6.119645372130608774e-01
-1.542911598118232863e-01
2.581796970226979404e-01
5.735010101258233295e-01
3.049919001479847736e-02
-9.301948273131533940e-01
-1.976101334064924497e+00
-2.747253743222837663e+00
-3.706289727350732477e+00
-1.967221169642189516e+00
-1.666548544838814649e+00
-1.321244916532813285e+00
-1.506142361362382331e+00
-1.043945408556015586e+00
-1.579237169270122365e+00
-1.066847937741944641e+00
-1.825094391198164079e+00
-1.394672071083864040e+00
-3.966633070476469625e-01
5.315612526378635239e-02
-1.023949923235129567e-01
-2.217371755134005529e-01
1.529040691443114830e-01
-7.981596911394713834e-01
-2.065018170247550078e-01
-3.111095080347646702e-01
-6.271318733569922754e-01
-1.053903717301845511e+00
-1.446258775542911490e+00
-2.471941467825727656e+00
-2.385882108798528467e+00
-2.474340095145442842e+00
-2.518915360409500703e+00
-2.042048955202167893e+00
-1.197602349733174698e+00
-1.086388034190335805e+00
-5.801407104436835382e-01
-9.339884015693885599e-01
-6.471118581764536692e-01
-3.879968008929400858e-01
-1.049513851432025691e-01
-8.510312681298809467e-01
-1.041101287769166550e+00
-1.525683434000809413e+00
-1.724676977616546925e+00
-8.788764780052528147e-01
-1.041154827052276577e+00
-1.446984247662642886e+00
-1.239710162360455836e+00
-1.651077573860566527e+00
-2.206353277079523334e+00
-2.059759212683581975e+00
-1.693562769438949900e+00
-1.193121496758279054e+00
-1.613348208123624339e+00
-2.097389951618882531e+00
-1.909647911261691533e+00
-9.336188627850371402e-01
-8.066176448498185714e-01
-5.849495384030702905e-01
-1.027190446340889629e+00
-1.650480829841682873e+00
-3.880212110832196304e-01
-1.912625250121388065e-01
-1.884431921290090628e-01
-1.041778371252508606e-01
-5.514944267547433610e-02
1.348177141411835422e-01
4.684966024738432822e-01
-3.727035251825328022e-02
5.707183516174743065e-01
7.453372252542237453e-01
7.741383649694691949e-01
1.168773888908992920e+00
1.306781299245419525e+00
1.143419160168213100e+00
8.797566158798647562e-01
9.943561955631339266e-01
-1.441135887449586095e-01
4.057229391631789195e-01
-1.884657077903554301e-01
5.398737943862073063e-01
8.340749737793791418e-02
3.437317584628196698e-01
3.807086247684490221e-01
9.554997951402414147e-01
6.293138655968476547e-01
2.263222315233348048e-01
1.157942512346842590e-01
-5.993180613168551663e-01
-2.106282480583104855e-02
6.336283478059814289e-01
2.814278103221062866e-02
4.034520766648389545e-01
1.249676294315515968e-01
4.640000211047749512e-01
7.092097657005455025e-01
8.374245331781619006e-01
6.514298498458506170e-01
7.513600154915327511e-01
8.780229909340313554e-01
8.666972838465315521e-01
5.656720228117900762e-01
8.155909009754723771e-01
6.948545644107356756e-01
6.233005714287207510e-01
-3.056058153616822426e-01
-1.130500684369373232e+00
-1.550644764952437971e+00
-6.385529578439487208e-01
-9.839928100642892916e-01
-2.126150928741243895e-01
2.830905028108758881e-01
3.715059455784317510e-01
3.969520825462527491e-01
8.246810418161326650e-01
5.849903286786992673e-01
1.265632335013791021e+00
9.011301043254021925e-01
7.065768446802277447e-01
1.164483364668054577e+00
9.379565837277922258e-01
7.221889430260083342e-01
9.671573533470786410e-01
1.234468234214183280e+00
9.528183018373510560e-01
4.767527336404422389e-01
8.514975181400096238e-01
-4.810373869987893958e-01
2.118677373929389596e-01
5.242182607295807761e-01
6.519658420612194361e-01
3.703349586459877552e-01
3.587245825459063897e-01
3.111188037440562049e-01
3.409746320060960678e-01
4.068642479536564993e-01
6.027927165854809477e-01
4.415434101928117361e-01
9.825233544446808631e-01
9.249301830859125717e-01
-6.603558822220687019e-02
6.013955081007211767e-01
-1.083198124950406793e+00
-9.909656596132515594e-02
6.346064949394075727e-01
6.573482912347118345e-01
6.153995828279718028e-01
1.189885631013831713e+00
8.645650990329653007e-01
1.468823462979846062e-01
6.079245622515281333e-01
1.099536533636107816e+00
1.120620010292960878e+00
6.830960538991713848e-01
2.247742305294788134e-01
-5.229579322354637183e-01
-1.728913571247242764e+00
-2.082495116339394325e+00
-3.457263433083485604e-01
7.195177025342003319e-01
5.772511464078474708e-01
-9.090323503112570647e-01
-1.883937553729606584e+00
-2.665197140129127007e+00
-1.866446409551566266e+00
-1.447933682754459106e+00
-1.185945751771202428e+00
-7.680932421655015663e-01
-1.043381370961881327e+00
-5.991124530772904411e-01
-2.140311199704427181e-01
-3.435505037096148184e-01
-5.925444169741123090e-02
2.170005204061687398e-01
1.063614022288039140e-01
4.553114914043653316e-01
2.911887572634339061e-01
4.962072249717933703e-01
8.167931801880939924e-01
8.014416816647440545e-01
7.757985772997576523e-01
1.148787940663924978e+00
1.275758032450890589e+00
1.045382682114296635e+00
-1.861948624502429706e-01
1.671257647341726216e-01
1.684853230132080659e-01
-1.119935678364038179e+00
-1.815400190573603023e+00
-2.721717103311144026e+00
-4.052540196993198229e+00
-1.432048139786918473e+00
-3.158154843543877210e-01
2.869673235097853214e-01
4.357450480101306978e-01
5.450082571539494047e-01
8.538343988200830514e-01
7.731550662488417824e-01
5.996925936136361379e-01
5.529728924741490470e-01
8.157685205039076903e-01
9.174997667415049074e-01
1.681730028205459249e-01
-1.378783040811324412e-01
-8.908935597884163338e-01
-1.403480207893640586e+00
-1.852164656079055671e+00
-1.760629138197105092e+00
-1.336829374850337704e+00
-9.127376817617957050e-01
-7.644028673373447491e-01
-1.968661084187967258e+00
-9.873132372106822041e-01
-1.407057952320144301e-01
1.651039821356548587e-01
1.046279839634609132e+00
5.070798889802019538e-01
4.280394520283712367e-01
3.446341547434104702e-01
1.880039157463105903e-01
1.350752746319418551e-01
2.114273097861777972e-01
4.080052448759333705e-01
5.654382110600347788e-01
6.622130261794635375e-01
3.014146337276561449e-01
-2.502397557474699274e-01
7.947556354120767219e-01
9.289155127383231791e-01
1.373898104038748347e+00
1.407739425926831434e+00
1.551257167090224431e+00
1.591703687845287263e+00
1.682151794648748755e+00
1.464554942669203275e+00
1.916020883109556650e+00
1.729804955941846245e+00
1.662541290177727671e+00
1.819493820933931083e+00
1.736681348786150991e+00
1.578162126805898069e+00
1.666387104736541502e+00
1.816069716634293840e+00
2.055986961009635738e+00
1.978103054567675212e+00
2.252275521588173124e+00
2.305499506737558768e+00
2.180211230764013131e+00
1.610204153105829761e+00
2.129592837575362996e+00
1.881933330858378550e+00
1.823959230248084040e+00
1.819070029729301652e+00
1.570950758373271583e+00
1.766545423042475971e+00
1.803086335877994273e+00
1.966930458976698493e+00
1.985625808458023833e+00
2.404680942117610520e+00
2.138096839911742819e+00
1.589117878602074097e+00
4.948646485308362819e-01
-1.279221498328240170e+00
-2.498837992074632641e+00
-2.203376781371939153e+00
-2.867705746138274669e+00
1.514994369852395995e-02
7.205052680779575613e-01
3.718975425438806881e-01
4.214355570277636409e-01
8.122123426548893965e-01
8.081050117873352923e-01
9.254135396719463946e-01
8.849882654885010691e-01
3.042241134419795823e-01
5.292069579039166971e-01
2.234018693875370887e-01
5.162436830473228211e-01
8.099072963962758998e-01
3.514258548501025814e-02
-2.952461998394488862e-01
4.078450846311136857e-01
9.290043806183386765e-01
1.058236100904815791e+00
6.875997805475199121e-01
7.895697594451925871e-01
7.881152373181055104e-01
1.336255296171104501e+00
1.237325078095187880e+00
1.575681275317341701e+00
1.494899379159277952e+00
7.813828673966333183e-01
1.332515693968707726e+00
1.724104981585482754e+00
1.573031556160028543e+00
1.080650017972202726e+00
9.915700688157379483e-01
1.159050203510846533e+00
1.427547083369364422e+00
1.169050344365116345e+00
1.246148872341295455e+00
1.712986907956494331e+00
1.594746917347817483e+00
1.439030046457130396e+00
1.703586117375649245e+00
1.546803507846342907e+00
8.257926238207623504e-01
1.418197856602132934e+00
1.374497617084012635e+00
-9.779712336534359673e-01
-9.218380918557095294e-01
-1.010415028860788045e+00
1.269481195794983641e-01
-7.559542017070867148e-01
5.452490587578326942e-01
5.667642553537100003e-01
7.535375466907495712e-01
1.276604841633493415e+00
1.166177687812337549e+00
1.532101909643654114e+00
1.823400240705049136e+00
1.676197792007655618e+00
1.305424078439875846e+00
1.199413728283988956e+00
1.033330346759027574e+00
-4.016467796954176217e-01
-9.346998562960929791e-01
-2.314191684387750580e+00
-2.108188304093263188e+00
6.587241187888370764e-02
-1.840972906110297735e+00
-2.134881234188435339e+00
-1.013699922844705892e+00
-7.588903799497950242e-01
-1.878706912738203894e+00
-2.949505831535338185e+00
-1.664636479882749764e+00
-9.964515470801785790e-01
-5.893660963737217262e-01
4.023827099222532233e-02
3.889516485966201254e-01
-3.990361756985683073e-02
-2.600967304643956313e-01
-3.924720763400345591e-01
3.907167817915981334e-01
7.404177803759454113e-01
9.922777096878742098e-01
1.252056377051734337e+00
1.308556324692764505e+00
1.347841674875966511e+00
1.236608701856688253e+00
1.331617596088735311e+00
6.495783930716304555e-01
8.894034885911931143e-01
1.452073247363128705e-01
8.259641983254323305e-01
7.896201286581941980e-01
7.303421465262200929e-01
8.678360280317473086e-01
1.228761984081562453e+00
1.412136716115945934e+00
7.580689919169343316e-01
1.626588085648270177e+00
1.059639996092760272e+00
1.085918827718950652e+00
7.476219923032718651e-01
5.956027799205410034e-01
6.214072159587402666e-01
6.023575521758459672e-01
3.508547342792660562e-01
-9.895507627587490918e-01
-6.602848253411078838e-01
-1.817958810043040607e+00
-2.104198170060582740e+00
-1.116747099673011334e+00
-6.210927757815365435e-01
-7.900238646639310414e-01
-2.249639349524411358e+00
-6.004963240245083655e-01
-1.413334714534670411e+00
-1.970314277264200165e+00
-3.521255622229672033e-01
-5.712756600263463325e-02
-2.273984964982172507e-01
-1.727973408492544105e-01
-7.909717206958274405e-01
-7.170009775133066032e-01
1.910955850012805990e-01
-7.897571329931399875e-01
-1.004208912952396116e+00
-1.922107522023193127e+00
-1.165254844373697640e+00
-1.571139219099424000e+00
-4.631829436664749444e-01
-2.467944185477501051e+00
-7.924709495629244094e-01
-1.658231628317341944e+00
-1.497649330684946101e+00
1.290415896200575174e-01
1.243919625132664741e+00
1.131358233003427305e+00
1.383998090185064367e+00
1.192513917136603929e+00
1.164137661101495080e+00
-1.308166098582703718e-01
-9.019118048435709190e-01
-2.489817077200630058e-01
7.147715942433795488e-01
1.134901323428135989e+00
9.515107616095742626e-01
-9.913340350910507803e-01
1.535465049219091882e-01
8.603189029338468297e-01
8.969487592415822386e-01
1.302050209550393411e+00
1.181595802216279800e+00
1.433622372667338496e+00
1.367541910137640482e+00
1.323348048113529796e+00
1.424116598366921949e+00
1.429823457164026035e+00
1.244171015425307392e+00
1.344982402968414092e+00
7.602630707844589830e-01
-3.412994976399383318e-02
2.620221478634477963e-01
9.507574991072150761e-01
1.298997780305638283e+00
6.693755548992825766e-01
-1.106028142032738915e-02
-2.831404349503026552e+00
-1.379286447439441066e+00
-4.236517183630190697e-01
-1.234640241496924418e+00
4.260504484165722472e-01
5.212995772464541488e-01
6.683765412262482331e-01
-9.913341852339263571e-02
2.720331016144805769e-02
8.503424618560684323e-02
-4.180699412462035580e-01
5.506303503885316974e-01
1.007812971809610492e+00
6.586196068933977132e-01
5.966663183443201568e-01
9.251275897610472532e-01
9.213289882181138202e-01
1.062922609699377352e+00
4.501835293864501208e-01
-7.058278415383426596e-01
-6.001738971913489484e-02
-1.184682016475648858e+00
-1.738501429266150478e+00
-2.346524035335210812e+00
-4.887493787290290159e-01
-2.025535355034435270e+00
3.948169849735366776e-02
4.335983182908202394e-01
8.326366469395535264e-01
6.838996494793726511e-01
7.730179112897447302e-01
8.118945533042951634e-01
1.599721617360705395e-01
7.270329273782062396e-01
9.704370658381099579e-01
2.171695736685818057e-01
-7.102210326002217355e-01
-1.008054657492317707e-01
4.173653512055397474e-01
-1.290910379185717938e-01
-2.012063058579625974e+00
-2.554458709440579622e-01
-1.134715312975229651e+00
5.020176356534628015e-02
6.053813507433538632e-01
1.328478265101086464e+00
9.917462857489985906e-01
1.162387079143675894e+00
-7.848664957929712971e-01
-6.012128578523034950e-02
1.054444428332062866e+00
1.599353495492190080e-01
-1.253386531512883817e+00
1.440377304975055117e-01
-1.622774762480377886e-01
-7.797662791134664095e-01
7.200327519588439751e-01
5.415147723346546149e-01
-1.879024841179142591e+00
-1.386802517765905574e+00
-2.973027004298161025e+00
-2.169865621231977126e+00
-6.200426785810254637e-01
-9.633454017090704591e-01
-4.352810432950614539e-01
-3.902218416170474269e-01
-2.784752194076390852e-01
-2.000103742177810062e-01
-7.819326938703274887e-02
-1.709101057675577184e-02
-5.659759164042182933e-01
3.031401481610789261e-01
5.680282667519040429e-02
4.819417944485384075e-01
5.370058500324792483e-01
4.369051218333450670e-01
-2.681081632283378591e-01
8.572300311813269014e-02
-4.047688658402849304e-01
-1.193050928123902565e+00
-6.025935934897641566e-02
-4.644617793528789118e-01
-4.780461647881840692e-01
-1.069289173635236956e-01
-7.494832777851848649e-01
-4.708207658564267373e-01
1.515155269322632225e-02
6.341497452582804950e-01
9.013010665290984713e-01
1.048905490100912052e+00
7.762580257784408300e-01
1.046600282053021136e+00
3.240653628883818915e-01
-4.918062575226278543e-02
-2.621269904868844813e-02
-4.187608858640641252e-01
-4.215641850972259852e-02
3.083634245586511224e-01
4.083124742443302591e-01
6.117917658300914274e-02
-2.304595126619681245e-01
-3.826985486441681905e-01
-1.992585908074373080e+00
-3.410848559408667935e+00
-3.419826781565179274e+00
-3.314766451512835221e+00
-3.070509069995841056e+00
